30
1
1
2
2 1
3
1 2 3
5
1 2 3 4 5
5
5 2 3 4 1
63
90 -89 -85 -69 88 -57 -47 84 -33 -31 74 -29 -27 -9 -9 70 58 -3 9 50 13 17 25 29 50 31 50 44 31 38 33 34 24 33 35 39 8 43 0 51 51 0 73 0 83 -6 85 -6 -10 85 91 97 99 -12 -14 -46 -52 -58 -60 -70 -80 -84 -96
73
-93 -79 -79 96 -75 -73 96 92 -69 86 82 -57 -51 -37 70 -37 66 -31 64 46 -25 -21 -15 36 36 -13 -11 30 -9 28 24 -1 23 27 14 14 31 6 4 31 33 0 33 0 -8 -14 -14 37 39 -20 -20 49 -24 -30 57 -30 61 -40 67 69 71 71 71 81 85 -56 -68 -70 -84 -86 -96 -98 -98
29
-95 66 62 -85 52 -75 -63 -63 -61 -53 -25 -23 52 44 -23 19 21 36 33 35 22 37 16 14 -22 -36 -52 -78 -84
80
100 -93 100 -91 -89 94 94 -89 78 72 -89 -69 -63 -61 -45 -43 -41 -31 -25 -25 -23 -21 -17 -17 -11 -3 9 72 17 66 33 37 37 37 64 52 39 41 46 44 47 53 57 61 42 61 63 69 73 73 81 93 36 95 99 36 34 32 22 16 14 12 2 0 -2 -2 -2 -20 -34 -34 -36 -50 -60 -66 -76 -78 -82 -100 -100 -100
51
100 -91 100 -91 -87 -59 -57 -43 -35 -33 13 25 47 51 92 61 88 67 67 86 73 75 84 56 54 79 83 38 83 89 99 99 34 30 28 24 12 4 -6 -6 -8 -20 -22 -26 -26 -40 -42 -74 -78 -86 -96
23
-57 72 38 -43 -31 18 8 -27 -23 0 -19 -2 -62 -72 9 13 33 39 55 -74 59 83 83
57
-97 -95 90 -85 -83 -83 -65 -63 74 -63 70 66 -57 -55 64 -43 -39 -29 60 -27 60 -13 11 25 41 61 63 73 77 56 81 50 46 46 85 42 89 38 36 34 26 12 -8 -10 -14 -20 -20 -22 -60 -60 -64 -64 -72 -76 -80 -80 -86
96
-95 -93 -93 -91 100 -89 -79 -75 -65 100 -65 -61 94 -57 -35 -29 92 90 88 -27 -27 -25 -21 -11 82 78 -3 -1 1 3 11 17 74 72 25 25 31 68 68 51 53 57 68 64 59 67 71 60 58 54 73 75 46 77 81 36 85 85 30 28 93 95 97 97 28 20 16 12 12 4 0 -6 -6 -8 -16 -18 -20 -20 -24 -42 -44 -46 -46 -54 -58 -58 -58 -64 -66 -70 -86 -90 -92 -92 -94 -96
88
-99 -99 -97 -93 100 88 86 -93 -91 86 86 84 -87 -85 -83 -79 84 -79 82 -75 -73 80 -69 -69 -53 76 -51 -43 -43 -37 -35 -31 60 60 -29 -29 54 52 -27 52 40 40 -15 -15 -13 1 38 5 36 11 16 14 13 10 8 31 2 33 47 53 0 61 61 -16 71 -24 75 -26 75 -26 -32 77 -34 77 79 83 83 99 -38 -42 -54 -56 -66 -68 -84 -86 -92 -96
75
-97 -81 -73 -71 100 -61 -59 -51 -43 98 -37 98 92 76 -35 -35 -31 -31 -29 -25 70 50 -19 -15 -15 -7 -5 -3 1 11 13 15 17 48 19 37 46 39 39 44 38 39 41 45 34 47 4 4 55 59 0 63 77 -2 81 -18 -18 -26 -34 -42 -58 -60 -62 -64 -66 -70 -70 -78 -80 -84 -88 -88 -92 -94 -96
100
15 -35 75 5 -63 63 65 -79 45 77 -72 75 87 -61 -27 -57 -9 38 70 46 69 17 85 75 92 -18 -82 51 57 53 -97 24 -64 -15 -21 6 -99 39 -58 -49 -89 63 -10 7 0 65 29 83 -79 -11 37 -85 -9 -32 64 -22 -95 -91 23 -75 -41 -46 33 -79 -20 31 -48 4 75 3 -23 50 51 55 48 1 -26 -41 95 54 0 50 26 -30 86 -96 -46 18 -50 -90 10 -50 -36 6 -64 44 50 96 46 8
100
25 -25 -71 56 -55 -83 4 -23 -16 -31 -90 -22 -61 89 -90 92 -43 -35 72 1 70 27 91 48 19 29 -20 -51 -83 41 44 24 -70 -79 27 -11 17 16 -89 54 -90 -43 -44 19 -9 -53 0 -51 78 -5 -63 42 -58 -59 100 -47 -87 -99 -13 -57 17 9 -68 -81 -67 97 43 29 25 51 -45 93 -49 79 -100 -2 100 -40 64 0 -24 -72 84 72 -42 66 18 -98 -30 2 -86 14 32 -34 96 12 90 -82 -86 10
100
78 -13 -37 41 61 53 -17 39 45 -43 81 89 -91 -37 -97 -47 95 -39 -47 -97 75 -14 -27 -55 57 -9 59 80 49 43 75 -26 -12 83 91 51 98 63 55 35 -27 77 -48 74 16 -98 7 35 -7 -76 90 35 75 61 -57 19 91 -21 -53 -100 -1 -43 -50 -68 -49 -62 -100 52 -78 14 -68 -46 -42 -24 30 -46 -10 20 -52 -26 -98 -68 -4 -12 70 -40 -22 -36 4 -96 -22 -44 -56 -40 10 58 6 94 -84 -18
94
48 66 -90 96 -65 85 -31 37 -44 93 -28 72 38 -14 93 -73 -49 -66 -33 7 -12 -31 77 -57 -86 89 -85 21 59 -87 81 39 15 61 60 -64 -96 39 -62 -29 -19 42 27 78 9 48 37 96 31 42 -27 -29 53 75 -9 -84 37 97 77 84 -8 58 -13 45 7 -95 97 62 53 -93 -41 -9 30 -86 -86 -92 18 -80 2 24 16 74 34 -38 4 26 -84 0 -70 50 -66 26 -10 36
72
35 29 -25 -21 5 -41 19 -43 87 29 -1 -23 -73 34 -75 -69 -26 -9 -75 -3 -58 -33 -89 -47 -71 43 -13 -3 -3 15 6 -15 -33 -17 87 -35 90 -26 -46 29 -47 -23 55 -87 70 26 -82 -42 -18 6 -24 -22 -22 -76 -28 78 -16 2 80 -100 -60 -100 -76 8 -60 -76 26 48 -100 66 96 58
11
100 -91 -46 47 -89 -98 -50 -86 56 -24 -20
97
33 -65 52 -19 41 -65 -61 55 -63 91 26 21 -12 36 49 9 90 -45 -84 -73 -62 -6 61 68 -20 -31 -54 58 72 -7 -45 99 61 68 -84 -79 58 -31 75 19 -75 30 -37 33 -42 0 -23 11 -39 -45 -100 -19 78 40 -5 39 -39 57 89 38 -38 79 -33 -30 49 82 -6 46 74 81 -85 -61 -7 -6 34 -99 -32 17 -6 -24 -63 -90 -59 -58 -31 100 -65 1 -9 -84 -48 -37 58 -12 -98 44 48
86
-17 -17 81 64 85 -73 -45 37 73 81 58 7 -98 27 -59 62 -73 -75 35 32 -76 23 87 -45 -13 75 27 -9 -16 -98 32 -43 -12 33 69 -88 67 -57 61 -15 -17 53 -75 -42 25 -76 44 63 -47 -14 37 -60 -8 -51 33 98 49 42 46 -69 23 -39 68 -37 -60 -69 44 15 -90 -16 58 -60 28 -90 -70 0 66 6 -54 66 42 -38 -10 -50 -88 -72
81
5 82 0 -53 -31 -19 83 56 -75 67 41 81 1 57 -3 54 -94 45 89 52 25 40 45 -46 -9 39 88 15 78 75 29 65 35 -91 0 -63 -12 -52 41 63 17 45 69 -81 -43 -57 -8 -95 -37 97 -81 -99 0 0 -90 -36 100 64 48 78 0 36 -62 66 0 40 -36 80 68 -94 -82 -18 -86 -48 46 -4 -68 -42 -74 -22 -12
75
-64 13 -94 -73 39 -79 49 -29 -29 41 -76 96 91 -67 -27 -69 -73 -20 -9 32 -28 33 -86 -28 -27 -4 -15 50 -83 99 -32 77 25 90 -62 54 -8 29 31 -33 -67 61 50 70 75 -38 -85 -37 -17 -75 -22 36 -51 -82 -66 -78 -66 -18 -2 -82 -88 -58 90 2 -76 -56 -18 -28 64 -96 -44 60 -22 28 -14
85
95 -69 -73 57 -99 -79 -15 88 -42 -95 -95 9 23 -3 -25 -67 -95 -21 -99 -21 69 -10 -53 10 -61 65 33 19 31 -85 55 72 0 -5 -93 -28 14 20 35 -85 -53 67 -86 67 16 -13 100 61 -1 -26 96 -25 4 4 -66 60 -6 -4 70 28 -30 68 86 -50 100 -66 72 -14 18 32 34 -64 4 0 -62 -60 16 74 10 -30 6 64 48 -24 38
80
67 -62 37 54 1 -2 -17 9 -89 -61 43 -79 100 39 -5 -47 23 78 1 -61 64 49 -66 59 -25 -14 -53 -68 -87 99 -33 -29 19 -53 -13 -66 -71 7 -88 -53 -65 -89 30 -4 82 6 -54 0 64 -40 -62 -34 14 -44 -18 -48 -80 -40 -42 42 6 86 34 62 80 -100 -54 26 44 98 -18 -78 0 -30 -28 40 -70 48 -98 60
33
-33 -42 -80 15 87 -63 -27 38 34 -19 10 98 -9 -82 99 0 7 34 39 39 37 -48 22 49 29 90 -39 -2 11 -40 47 11 7
35
85 -99 37 -58 91 81 51 73 69 -76 -31 -89 12 31 90 15 -60 94 -61 48 95 47 65 -96 -45 43 -36 -49 32 78 44 -74 48 -64 -24
92
41 1 37 -73 71 -38 29 66 69 -91 -75 26 -1 -47 -25 -43 -83 -47 66 -61 95 5 15 63 -25 41 -9 -73 29 -34 -5 -68 93 59 61 -6 -48 70 33 19 -55 -53 64 84 -5 77 36 -59 -37 16 -49 -51 -76 -49 -77 -48 59 26 24 1 -99 91 -19 -52 78 -46 -78 -78 40 82 78 -42 74 68 26 -64 -8 0 60 -24 -50 34 -24 22 -62 80 -94 10 -16 -14 44 12
