30
1
1
2
2 1
3
1 2 3
5
1 2 3 4 5
5
5 2 3 4 1
15
-73 -31 40 -31 -5 3 57 73 40 32 10 -22 -36 -52 -70
72
92 88 -93 -93 -91 84 70 -73 -61 -61 68 62 60 -57 52 -51 -49 -45 46 -45 -29 -25 44 -13 -5 42 34 32 -3 -1 28 26 -1 1 17 19 23 25 29 35 12 39 49 51 10 53 57 57 10 59 6 0 71 73 75 -20 77 85 87 -22 -22 -26 -32 -32 -34 -38 -56 -60 -68 -70 -80 -80
100
-97 -93 -85 -79 -77 -73 -73 -65 -61 -51 96 -47 -41 94 -33 -31 -31 -27 -25 -23 -15 90 -13 -9 76 -7 -5 -5 -3 1 74 7 7 9 60 11 60 17 58 19 27 29 48 31 33 33 33 39 44 42 39 41 40 49 51 51 30 61 24 65 65 65 75 75 77 16 91 14 95 97 10 4 0 -2 -6 -10 -10 -16 -18 -18 -18 -28 -30 -40 -44 -54 -56 -62 -66 -66 -72 -72 -74 -88 -88 -90 -92 -96 -96 -96
66
100 -89 -83 -83 98 -67 84 -61 -59 -57 -53 78 74 74 -49 -43 -35 -29 68 -29 -23 38 -21 -11 -9 -7 13 23 32 26 26 22 25 18 25 0 0 0 0 -34 31 33 41 59 61 71 73 73 87 -36 93 -36 -46 -50 -52 -54 -56 -60 -62 -64 -66 -68 -80 -82 -88 -100
45
88 -85 88 -83 -73 82 82 -65 -47 -29 64 -9 64 -9 64 -7 -3 3 62 5 60 11 11 21 54 42 21 18 0 23 39 -22 47 59 71 81 99 -38 -42 -44 -60 -72 -78 -84 -86
89
96 -99 90 -95 -95 -89 -79 -79 -75 78 74 -71 72 -55 72 70 68 -53 -49 -45 -45 -35 -31 54 36 -29 30 28 -29 -25 -21 -15 -15 -11 -3 -3 -1 1 3 9 17 22 18 19 16 19 19 21 35 41 16 12 41 12 45 59 63 69 69 73 6 85 99 99 2 -4 -8 -10 -14 -14 -24 -26 -28 -54 -62 -62 -62 -64 -64 -72 -72 -74 -74 -78 -82 -84 -86 -92 -98
14
-95 84 82 -59 -7 40 35 30 4 -10 -14 -20 -82 -94
100
-99 -99 -97 100 98 -95 -91 -89 -83 -73 86 84 82 82 76 -65 70 -63 -61 68 -61 -55 -51 -43 -41 -35 -21 66 66 -17 60 58 -17 -3 5 54 50 21 25 29 50 33 35 35 48 39 46 44 45 49 55 57 59 59 69 40 79 79 32 30 87 87 89 91 93 95 97 28 24 24 10 6 0 -4 -4 -16 -22 -22 -22 -28 -28 -30 -30 -36 -40 -42 -46 -52 -52 -60 -62 -76 -90 -90 -92 -94 -96 -98 -100 -100
26
-97 -93 -73 78 -51 -49 -31 -19 -13 60 48 10 -9 -7 -7 1 3 9 31 2 31 35 -12 89 -46 -46
19
-79 -63 -43 -11 29 96 68 30 24 45 20 77 18 6 91 -38 -68 -78 -90
100
1 44 97 91 30 -98 90 -98 33 -75 76 -86 29 9 -15 -31 41 -24 -25 -76 -73 -15 53 77 -68 -78 -66 89 -45 88 -23 -50 -7 72 53 -40 98 61 72 40 80 -80 -59 -57 85 -89 54 -48 93 -66 -87 85 0 -17 19 -53 93 -7 -49 0 -31 -8 -7 -63 24 41 -14 0 65 -88 17 -5 -90 -93 -26 0 32 89 32 -21 -67 -42 -78 -5 78 33 57 -78 -36 -90 -44 100 58 -74 -2 50 50 44 70 60
100
-89 4 75 63 63 -27 -35 0 83 -61 -89 62 -70 -97 -86 -96 90 -89 -27 -46 -61 -76 -3 -50 -25 17 75 -39 -67 84 7 -26 -98 -28 -98 77 79 88 54 68 25 5 -82 -29 -91 -95 -39 55 35 65 -13 11 -69 41 1 -14 -19 92 -63 -43 -18 -49 -43 -100 0 -68 -20 26 -88 -22 82 70 42 -14 -32 90 -60 26 54 34 78 -24 4 -30 -72 92 -78 8 -30 34 88 50 68 -42 100 10 -16 96 -78 36
100
35 -20 -62 -59 -84 99 -33 -15 100 69 86 5 -76 47 83 89 -85 48 -21 -9 71 -75 -95 -17 -97 -97 72 13 25 41 -1 11 75 81 -46 -87 -2 13 -63 0 -38 -13 -71 -71 14 57 93 26 85 -59 89 -93 -6 68 -24 -6 91 0 89 32 -93 -1 -91 -97 90 28 -20 -99 -97 -83 0 -95 61 27 -9 -89 -95 96 7 -67 -42 85 38 -57 -36 36 9 41 48 -90 -14 70 -62 54 -58 -84 32 60 -74 32
2
4 -80
83
-100 -3 20 85 59 27 -85 -87 -34 -56 -71 -61 -7 35 -83 18 -4 49 68 5 -8 17 93 -44 70 72 77 -17 -97 -36 17 53 -50 -89 43 29 -71 -29 -39 18 78 83 70 -43 -42 31 1 34 -13 -100 61 17 -13 62 82 97 51 -42 -46 0 54 -7 -35 -46 60 38 -80 64 78 -38 0 20 -98 42 -46 -48 -72 -30 64 -34 78 -60 74
54
47 49 35 75 9 92 78 -19 13 -3 30 -99 -91 65 100 -69 9 -87 -85 93 -13 21 25 49 -20 -40 63 67 -46 -12 -7 -93 79 -91 -22 86 -8 -92 10 -89 36 56 -18 100 2 58 98 -96 46 -10 -100 16 52 -90
29
-71 -43 -47 57 87 31 -18 93 -77 -20 87 72 32 0 -36 100 74 -52 -68 100 24 -54 -96 6 -88 -36 -62 92 -100
88
-4 -85 75 -4 76 -53 83 -27 72 -91 -16 63 -65 -28 28 -67 95 -81 -99 91 -3 54 -38 -98 59 33 48 44 7 -83 -96 46 79 0 -52 0 61 -87 41 16 15 -87 -73 75 -60 23 41 -86 29 -32 -95 21 33 45 -22 83 37 83 56 11 94 -33 53 -20 -13 3 70 -76 -69 48 78 66 0 -8 16 -38 60 52 -84 -6 66 88 -48 14 -82 46 -36 0
70
-35 -66 33 15 17 -29 24 -76 -61 -78 -88 -29 34 -86 63 -67 -15 -95 -10 59 33 -75 -6 -61 -39 -77 71 98 -77 -86 -85 -19 64 15 -60 73 -25 0 4 -99 27 61 89 -1 -9 50 -53 27 55 86 -38 14 96 66 -42 -44 42 6 60 64 -12 38 -26 -8 24 -62 48 82 -28 14
41
63 -79 -80 -7 -50 -42 -84 52 85 -10 -69 -5 18 75 -84 77 -47 96 -53 47 89 -67 -99 -71 -69 -13 28 55 -10 -39 -86 78 -30 -62 -52 54 -56 54 76 32 -72
33
-73 -93 37 35 17 66 83 -45 -16 -69 94 49 67 -81 76 87 3 -69 -53 4 -74 0 20 -32 0 66 0 50 70 86 84 -18 -44
57
27 -59 21 67 47 -35 43 -10 97 -85 64 52 -89 -3 -33 12 1 -40 -4 52 97 3 56 -25 96 -38 -86 87 40 67 75 -12 43 -85 32 -89 -79 -90 27 39 -81 -96 14 82 -3 4 81 -21 -8 48 -38 70 -22 82 -44 6 -52
82
-19 59 36 79 21 -84 -15 -41 -18 -51 21 15 -62 13 13 99 -22 -39 -1 -57 73 -77 8 -84 -17 98 -55 -83 -23 -45 -65 29 -40 73 85 59 78 93 -13 -85 73 59 -79 -24 -18 53 35 76 -45 -7 -7 -49 58 -33 -21 52 28 78 -72 -40 60 -18 -24 62 -66 14 -94 -36 -14 16 70 -4 46 86 -92 64 94 82 66 -96 40 32
41
-91 61 27 -73 -89 19 -8 47 -39 62 -51 8 -89 44 10 19 -74 -33 -67 -48 75 37 -13 -19 -97 0 74 58 46 100 -38 -68 44 80 82 -62 98 -72 -14 -98 26
93
-97 13 20 38 -89 -44 84 -57 0 -38 19 17 53 87 -12 0 16 10 9 -69 1 -17 -36 49 77 -51 83 -31 -84 -81 -90 -10 -96 87 78 -68 81 65 -69 30 73 -51 96 67 -61 -29 85 16 -57 -71 61 59 93 53 -58 -58 97 42 51 22 -90 -1 -59 17 60 55 66 93 37 -43 -64 5 73 -79 -13 53 -81 -95 35 -49 -71 91 -62 -94 -94 58 -44 -34 36 -56 -64 -52 -60
